1602
660
204
212
116
296
196
164
68
124
210
188
140
68
148
180
148
116
32
100
196
132
628
309
253
213
205
197
165
133
117
69
205
229
221
237
245
197
157
212
220
156
244
203
132
180
221
123
188
188
244
228
196
228
212
188
172
196
122
180
154
204
68
36
156
148
92
148
84
100
116
132
108
140
116
132
36
172
164
156
147
117
157
85
117
187
109
195
77
149
165
117
117
125
157
141
139
164
92
92
148
140
116
188
148
132
164
180
157
124
164
89
181
108
394
292
204
204
172
180
156
187
156
140
140
116
123
116
106
60
52
69
108
84
140
108
100
180
213
179
140
197
181
77
157
157
133
165
237
67
149
125
164
76
196
92
116
124
76
147
156
156
124
140
156
100
148
112
252
252
60
180
140
108
100
92
94
180
108
52
180
28
124
148
52
204
124
124
388
179
212
204
252
204
221
213
188
205
205
221
181
181
221
149
189
229
188
188
228
252
242
268
209
220
268
220
204
212
220
220
228
244
228
244
236
212
300
228
252
244
244
260
284
188
236
252
243
226
244
194
220
205
172
172
213
203
205
173
157
196
197
164
189
205
157
149
213
181
261
212
260
204
164
236
196
220
188
204
180
164
164
204
172
195
260
188
220
260
204
186
204
172
179
212
204
188
204
244
260
188
228
210
228
212
156
180
172
148
204
220
196
229
149
141
253
261
301
189
221
205
237
213
245
228
258
220
187
260
196
276
220
244
178
212
236
172
236
212
196
172
132
180
156
156
75
166
212
148
45
172
4
220
212
308
244
324
260
308
404
412
180
108
180
220
260
221
197
133
243
259
205
221
237
220
245
253
266
285
268
276
284
324
308
204
220
356
204
324
274
300
260
340
180
164
180
164
124
172
180
212
220
364
148
28
260
212
284
268
252
228
268
260
252
260
300
268
332
229
285
181
157
157
149
117
181
149
133
141
204
181
164
125
188
84
180
171
188
235
220
140
210
196
182
188
188
210
180
140
148
156
228
132
227
156
244
188
172
196
212
188
204
244
188
244
236
124
251
132
244
92
212
85
205
165
213
181
269
181
213
197
197
205
278
139
141
164
180
212
196
156
228
188
180
172
172
244
140
148
36
204
228
132
164
212
132
274
148
172
188
212
212
260
228
212
156
276
252
268
124
236
276
188
212
252
252
212
196
237
165
197
180
213
213
133
189
237
189
221
181
141
188
196
164
154
194
228
148
148
268
300
220
276
140
276
236
202
172
137
124
116
170
124
140
132
132
172
169
148
132
100
124
196
140
180
124
100
148
180
162
148
108
92
124
173
131
181
165
164
117
140
117
157
173
197
125
164
149
180
156
76
58
156
132
116
140
220
156
140
77
171
116
156
140
148
172
204
172
180
170
132
148
180
180
188
124
220
170
212
188
148
124
188
172
139
156
196
132
156
116
221
173
245
109
149
165
165
141
221
173
189
165
221
117
196
133
116
109
204
212
164
196
188
132
164
148
203
188
236
188
154
204
188
188
148
156
148
169
132
108
132
140
139
182
172
140
141
188
171
100
132
108
116
108
100
29
125
109
171
201
213
173
157
230
244
269
109
117
126
179
155
139
156
132
236
188
164
140
84
196
188
268
196
220
196
157
171
180
124
220
164
180
140
204
220
226
108
172
124
204
196
188
116
276
140
164
211
164
188
196
197
141
156
210
133
173
172
149
149
141
165
189
173
163
252
68
244
332
220
140
284
44
164
220
228
100
140
180
124
162
116
148
147
188
108
244
180
172
164
140
148
92
124
84
148
180
212
172
196
172
124
212
116
156
196
132
164
237
173
205
197
157
157
203
213
165
205
231
213
189
204
196
146
196
147
132
148
124
204
108
100
116
226
108
180
252
156
164
212
204
436
236
324
308
252
244
268
220
132
171
188
170
228
52
116
100
252
124
187
221
269
186
165
149
85
165
181
229
276
149
253
99
140
229
156
116
148
164
156
124
116
108
44
124
108
108
66
154
154
194
212
172
171
100
108
132
156
68
147
108
92
156
84
252
84
172
116
212
180
124
100
68
164
116
92
180
115
196
133
196
197
189
213
181
245
205
189
257
285
205
220
258
259
186
204
172
164
164
204
164
268
132
156
180
138
244
143
220
228
156
164
108
252
212
164
171
972
236
200
212
210
196
189
220
268
220
220
124
172
124
180
221
230
244
204
245
293
253
236
253
277
213
221
226
185
220
259
188
260
252
204
244
260
220
220
204
187
242
132
188
196
164
180
260
188
180
252
195
245
244
220
172
242
156
260
268
204
148
220
196
220
236
156
245
221
237
229
197
229
213
253
285
261
229
301
196
212
204
300
316
244
244
220
220
276
260
324
316
244
308
308
348
260
356
284
260
380
355
211
260
236
260
228
260
196
228
244
244
228
220
156
100
204
204
260
189
213
219
189
221
197
172
253
173
213
197
197
219
188
173
172
172
220
188
134
148
172
108
140
108
180
252
84
228
203
212
220
234
212
236
188
211
156
260
234
292
124
212
164
164
182
260
108
196
172
204
196
210
244
204
180
165
101
101
117
140
117
141
37
141
101
165
125
108
68
172
140
180
124
180
116
108
124
132
171
180
124
68
220
164
162
122
196
131
60
220
85
148
36
172
108
108
116
4
196
108
100
180
124
132
148
116
140
155
157
124
188
189
157
205
180
213
188
181
253
157
229
165
181
189
228
228
84
132
212
52
180
182
164
108
155
188
164
204
180
140
196
92
172
148
164
124
124
124
132
76
156
204
116
140
156
260
164
190
148
132
148
28
196
204
146
92
140
109
53
109
189
117
109
181
205
85
77
157
221
245
181
180
140
180
148
195
220
188
188
180
132
172
188
124
92
83
173
100
180
284
228
188
180
164
156
196
236
252
172
164
44
452
268
107
172
524
244
179
316
205
180
196
140
132
157
221
173
221
245
181
157
140
69
164
101
93
84
124
44
76
60
172
116
124
68
68
164
188
156
164
100
132
84
84
131
84
116
60
213
108
164
132
92
100
147
124
175
76
82
196
140
196
196
180
164
148
155
124
132
108
149
155
157
77
233
173
93
157
133
181
189
149
131
172
164
196
162
138
66
154
155
154
114
164
164
204
245
188
84
164
164
180
164
172
198
180
156
146
212
308
236
244
172
84
236
212
204
124
172
60
132
188
188
188
140
172
154
197
141
253
213
221
213
181
245
157
165
157
245
228
164
148
188
236
228
344
188
228
356
628
12
276
220
284
228
228
108
28
122
116
116
124
98
124
108
132
108
108
116
164
211
180
172
171
157
84
204
196
196
180
156
181
165
221
165
205
197
213
165
149
173
157
133
61
60
164
140
186
76
140
58
172
132
164
130
156
124
92
68
139
154
146
114
220
156
124
140
154
82
68
148
196
139
186
156
172
163
188
180
187
172
140
58
180
28
117
132
109
101
45
101
77
53
165
141
109
141
181
101
165
132
124
164
148
116
164
67
132
132
164
68
148
108
100
156
180
84
60
156
36
148
188
194
146
170
228
36
212
172
148
140
164
156
204
140
68
332
108
132
116
130
108
84
92
157
86
115
133
245
237
181
197
301
213
221
189
171
292
308
228
569
898
252
178
124
236
244
172
195
196
124
180
212
164
284
84
220
76
180
164
116
132
132
172
99
84
140
140
212
116
148
84
172
186
140
196
100
148
172
125
157
180
229
55
149
109
149
197
101
165
109
99
172
44
188
122
116
84
156
84
73
124
164
44
156
108
124
130
124
156
92
52
140
92
154
106
68
204
147
180
220
204
220
260
196
148
212
180
204
172
244
204
132
164
124
204
237
165
173
237
155
99
149
117
139
181
133
69
172
132
164
220
196
132
172
108
172
180
180
196
164
100
204
36
172
155
156
147
205
100
148
116
124
140
156
116
108
220
204
148
172
180
156
136
188
108
132
124
140
157
108
157
141
20
165
165
196
109
101
120
77
43
53
61
156
116
92
140
212
220
124
188
67
124
156
148
140
108
84
140
122
132
148
76
44
164
164
116
204
116
116
52
164
116
140
148
130
180
164
140
108
116
52
116
108
180
12
181
227
461
124
117
93
61
75
93
61
37
83
13
157
117
100
92
164
92
172
44
68
5
148
4
220
156
124
100
148
212
196
188
196
124
181
67
148
164
100
402
220
124
60
148
84
116
84
100
100
148
76
100
28
52
92
35
121
84
141
205
101
157
77
125
141
133
37
77
125
99
117
122
44
76
68
28
84
76
108
52
156
124
148
132
124
66
164
36
156
156
92
52
60
84
92
132
108
156
116
148
148
146
140
156
156
84
148
172
156
116
76
148
156
132
116
53
85
93
108
165
77
141
181
173
149
141
148
151
149
53
132
76
68
162
178
172
108
162
84
172
124
116
132
108
140
116
132
156
76
132
124
116
100
156
156
252
116
52
220
156
156
132
156
76
164
76
172
146
106
77
93
45
133
148
141
101
77
139
205
181
149
157
141
125
140
173
108
123
92
84
92
140
156
156
108
100
212
68
92
81
140
28
132
36
134
115
108
164
204
196
172
170
180
124
204
20
100
76
116
124
116
154
162
140
130
92
100
68
180
76
13
75
61
69
205
237
164
197
205
173
147
155
76
93
148
45
116
328
220
124
4
188
124
44
164
99
68
76
92
68
84
34
188
156
92
132
124
20
232
116
204
164
204
116
196
180
108
108
156
236
125
85
172
180
180
205
205
189
205
165
229
181
229
189
229
221
165
189
196
196
68
204
284
260
218
180
196
220
212
235
164
180
180
170
180
180
172
111
169
164
156
156
204
212
212
180
220
252
196
203
228
300
228
220
172
228
316
332
138
195
269
269
133
205
141
101
165
148
181
164
165
188
139
212
180
268
252
236
172
228
124
147
172
123
148
172
100
100
188
172
172
140
172
108
228
194
230
243
283
308
244
188
194
244
244
244
172
124
388
204
380
333
253
324
212
197
172
189
151
172
261
125
173
205
173
189
205
340
234
284
204
196
218
268
236
250
274
268
212
218
204
100
156
124
171
164
188
212
172
228
164
236
236
180
172
460
268
268
212
244
234
180
220
180
188
236
236
300
395
325
293
333
320
389
285
357
301
284
267
324
234
227
284
260
236
284
228
268
244
300
228
330
196
228
212
259
212
228
220
220
227
236
228
196
236
244
228
220
228
206
236
268
156
284
211
220
180
260
244
237
229
276
291
397
317
365
397
372
301
245
357
325
324
388
275
284
100
212
347
324
252
276
340
292
324
316
306
340
308
284
292
276
308
316
244
244
220
180
228
267
212
228
156
276
124
244
180
204
186
140
100
164
156
133
165
93
109
21
141
189
229
251
117
213
181
157
116
116
89
132
84
148
92
92
108
92
184
195
253
20
316
116
196
228
196
12
165
211
220
180
180
140
132
180
180
156
108
100
116
180
100
172
172
140
20
156
100
133
108
229
157
109
157
124
413
213
181
173
181
125
229
156
188
92
108
97
156
84
92
146
76
124
212
261
171
236
164
132
108
140
196
140
132
132
108
196
92
108
156
188
91
171
204
146
116
188
12
107
124
140
132
156
124
124
92
205
3
165
165
197
205
285
155
133
213
117
157
172
140
140
140
172
140
165
92
116
188
100
140
163
148
132
140
148
220
100
132
108
92
116
116
132
164
92
84
74
148
116
124
76
140
132
188
140
116
427
220
140
164
124
164
188
173
37
173
133
125
109
115
85
61
93
101
173
141
228
204
76
140
157
124
116
164
132
236
180
172
180
164
140
186
172
180
180
108
60
148
20
116
100
116
68
98
116
156
92
83
92
92
108
100
172
84
60
148
28
148
188
68
125
85
173
173
133
21
189
85
84
45
49
85
176
164
44
124
139
76
116
244
156
180
180
172
116
36
52
132
84
140
156
52
116
84
100
116
100
132
115
172
172
100
83
108
90
92
68
52
116
108
404
212
164
172
76
109
132
117
26
85
45
109
77
61
205
163
116
109
181
181
188
68
124
172
178
124
186
148
100
132
108
92
140
196
212
60
211
108
244
231
260
276
252
276
284
162
104
364
524
388
268
268
388
116
188
159
114
92
84
36
93
75
85
125
109
69
125
125
101
139
149
125
237
205
84
260
268
404
196
132
228
236
196
108
164
140
220
140
116
224
180
171
164
100
124
164
180
158
155
141
108
156
148
156
140
156
164
188
156
148
140
116
154
34
220
140
133
61
69
101
245
117
149
85
188
117
141
197
213
197
108
180
196
164
179
296
260
214
283
220
244
180
156
236
148
132
196
108
76
108
84
106
188
146
148
164
148
132
156
260
204
172
187
188
156
140
170
100
212
212
212
220
197
181
117
196
189
165
157
100
189
157
149
157
124
140
100
156
164
124
156
180
108
36
194
100
132
244
388
228
196
292
124
252
356
300
163
92
148
139
181
164
202
92
228
188
124
212
192
266
260
100
172
348
285
261
165
204
189
197
157
197
124
213
117
101
197
141
172
228
243
172
60
198
116
220
76
116
204
156
68
164
218
182
156
140
68
148
148
156
148
52
67
148
156
155
146
220
180
188
116
236
180
260
220
202
348
284
301
236
189
245
189
213
197
181
213
236
253
197
180
173
244
212
291
219
188
236
180
174
108
140
188
236
260
228
260
448
252
84
228
228
220
196
284
220
228
148
188
140
108
83
44
164
212
228
236
260
260
259
261
308
277
266
357
277
53
205
285
245
245
228
236
164
212
212
196
212
180
148
140
132
186
140
140
44
236
324
260
508
644
228
276
236
156
116
108
140
100
36
98
52
60
92
52
44
390
175
52
140
172
196
92
109
195
197
133
180
108
109
125
117
197
116
141
149
181
416
340
261
155
244
164
164
236
220
156
172
240
219
124
404
164
228
116
187
196
188
260
172
252
188
204
100
228
388
227
204
228
252
156
274
196
133
245
212
140
189
148
205
189
219
197
213
253
204
181
221
156
181
172
156
132
188
188
212
12
340
164
196
172
188
188
220
196
186
212
204
372
236
116
204
244
260
188
244
220
286
132
276
204
340
234
276
100
228
180
252
164
188
204
180
236
261
261
101
205
149
253
213
213
237
269
194
236
196
276
324
364
252
348
252
428
316
300
348
212
308
212
244
244
228
396
252
234
292
292
244
268
292
276
314
268
282
380
460
276
340
308
324
330
355
389
373
331
421
309
348
389
397
451
357
228
213
84
116
164
130
182
132
236
108
212
187
215
228
180
148
148
172
140
140
179
124
124
204
180
124
180
220
188
186
156
180
164
132
180
114
188
130
148
211
212
164
156
188
148
204
165
133
117
165
45
213
469
101
317
228
221
149
116
189
180
220
211
196
326
188
220
315
236
228
180
268
204
220
107
204
140
140
148
123
92
180
164
99
124
132
202
76
204
180
116
156
188
115
172
140
132
189
196
236
197
213
141
245
147
187
181
253
61
189
157
109
164
132
164
156
236
188
84
148
132
140
204
116
187
196
324
236
164
156
140
84
94
180
416
308
116
84
236
188
252
212
252
268
180
187
292
396
354
196
188
195
157
165
189
205
173
197
157
189
189
165
205
165
229
229
220
276
220
236
340
252
252
204
228
316
293
291
324
268
212
244
196
178
252
117
228
228
132
180
163
132
164
156
244
196
202
212
244
180
356
196
212
276
196
237
125
221
157
197
213
163
189
285
253
260
101
365
276
284
244
233
212
228
132
84
180
172
219
252
212
196
188
204
164
284
268
204
204
220
276
188
76
204
308
68
332
292
284
235
172
308
220
236
188
356
261
236
300
141
197
205
140
133
101
165
196
149
213
197
181
173
165
164
84
196
132
140
188
156
196
132
268
156
180
156
132
156
164
76
180
196
196
124
84
180
141
139
204
164
116
140
172
132
172
150
180
148
203
138
180
92
188
485
140
197
188
189
213
197
165
189
117
101
101
172
381
221
196
220
172
180
204
180
155
276
236
180
164
187
174
123
226
276
154
212
188
240
164
108
126
186
132
180
100
187
149
164
123
124
92
84
68
116
100
68
164
132
172
140
77
309
259
260
269
469
141
271
148
213
149
252
333
172
268
198
188
211
124
187
164
164
204
124
132
220
180
172
116
147
172
116
124
92
132
76
76
84
300
212
204
195
172
156
164
156
107
84
108
140
77
140
76
67
100
101
101
101
93
141
61
101
61
93
61
117
141
173
157
138
267
126
236
141
211
148
226
155
188
348
180
220
194
308
225
140
213
195
140
228
84
260
229
236
164
156
172
178
196
148
100
108
156
92
82
148
236
60
156
52
133
92
131
37
141
93
165
84
157
92
75
45
173
165
236
196
180
204
260
196
204
196
170
212
196
188
220
108
180
236
220
156
172
188
124
140
180
92
149
139
146
124
180
156
196
116
116
124
116
148
132
172
42
140
164
180
204
157
181
133
197
189
157
109
173
173
141
157
165
93
91
212
172
195
204
186
196
188
140
124
156
212
180
218
132
164
172
236
165
196
84
212
140
76
92
4
372
532
364
92
256
74
172
116
90
148
68
108
141
196
115
76
165
229
165
125
173
165
109
189
125
69
197
114
175
164
124
172
188
188
140
172
276
236
292
213
244
268
316
292
292
196
540
331
260
202
340
340
276
228
236
204
186
252
204
308
172
404
284
276
330
244
212
276
293
220
213
277
276
253
221
245
253
275
269
237
285
205
228
220
236
196
316
244
164
283
188
220
236
323
155
196
147
180
388
195
244
148
236
396
252
172
236
244
164
250
236
228
218
236
164
140
172
204
196
188
204
148
173
237
189
181
189
141
228
141
157
157
165
173
149
149
155
196
228
188
212
116
132
164
92
68
204
154
194
228
196
196
228
80
164
243
268
268
156
156
140
116
140
68
140
84
68
76
76
64
68
92
100
132
60
92
164
172
237
221
205
197
173
180
125
109
365
236
172
165
180
180
172
172
147
156
164
28
154
116
3
236
132
228
92
188
98
180
115
132
132
123
68
68
84
108
116
61
116
124
132
108
164
124
148
100
132
180
132
92
76
108
76
188
28
189
141
205
181
173
157
101
205
67
221
107
101
108
77
116
62
77
92
100
84
44
100
68
68
107
84
76
60
76
106
108
156
85
52
68
92
116
84
99
108
60
196
187
196
164
132
180
164
36
156
124
60
108
164
156
156
100
124
109
53
62
61
85
61
132
101
117
107
141
77
53
85
69
92
188
68
156
108
140
60
164
34
116
108
76
156
60
148
140
92
76
84
124
84
156
116
116
116
66
108
84
116
172
68
108
60
100
84
124
68
92
100
36
132
180
52
125
13
101
67
244
173
101
76
149
157
61
61
117
69
116
52
76
24
100
108
132
196
108
68
52
76
19
116
20
75
132
84
172
116
178
60
44
172
84
108
128
92
156
44
52
52
100
12
212
84
108
148
12
116
52
68
92
141
101
100
61
101
77
133
53
93
92
101
85
52
69
61
83
76
76
68
76
52
84
124
132
283
276
108
98
212
36
74
52
76
52
140
148
68
116
28
44
140
124
99
124
52
44
116
100
100
108
140
108
132
76
108
180
204
141
116
109
148
140
101
59
149
117
115
77
116
109
116
77
117
125
148
68
82
84
180
172
163
284
44
124
52
139
52
4
172
154
75
52
96
80
108
60
116
75
130
52
84
76
60
76
124
124
26
172
116
52
132
204
60
68
127
136
12
125
157
144
105
69
147
86
117
109
93
101
116
60
138
68
94
90
140
68
132
60
172
124
52
140
68
36
139
76
130
84
100
100
188
100
172
67
124
244
156
154
106
180
218
243
92
92
130
200
156
132
108
148
115
92
140
156
116
92
181
109
61
117
69
109
93
165
93
221
148
138
188
107
212
116
84
60
132
116
76
140
36
76
172
132
132
141
19
52
84
116
312
188
28
132
140
108
66
108
124
84
116
140
140
91
84
116
148
92
164
92
11
148
60
116
74
133
159
125
92
53
53
125
172
117
85
101
116
75
100
116
108
68
92
76
98
60
188
108
100
92
82
131
108
44
108
28
76
92
75
92
148
125
108
140
84
84
92
36
60
68
124
44
52
90
116
58
60
44
100
92
116
149
186
53
53
85
85
61
77
29
61
53
37
93
5
100
85
53
108
132
46
10
108
52
75
66
100
44
100
60
116
179
109
68
116
122
44
100
140
116
68
124
108
26
212
140
36
52
140
124
100
140
28
116
147
100
108
140
32
172
26
124
68
68
109
36
37
37
37
61
21
37
53
53
29
91
61
180
44
68
107
74
69
27
58
59
100
84
52
36
60
36
36
140
84
132
52
115
51
108
100
164
68
60
4
148
108
140
160
119
48
124
100
12
59
52
84
36
74
82
164
21
132
161
117
61
37
157
117
115
53
93
77
93
100
108
116
76
114
145
376
172
108
84
190
170
124
204
76
68
52
144
100
76
52
36
108
107
124
92
68
52
108
66
138
108
132
60
148
156
180
100
20
108
124
132
13
125
117
92
69
77
141
99
44
59
100
85
101
101
57
84
44
84
68
28
108
68
12
268
204
116
116
107
60
84
60
36
84
90
116
28
52
116
4
156
84
122
60
84
98
132
178
116
108
52
68
108
20
92
76
100
68
114
188
52
93
61
77
53
21
77
133
101
37
101
107
101
61
69
117
76
100
108
36
156
20
52
156
132
12
189
184
244
100
164
77
195
68
140
100
164
116
82
84
52
132
36
164
92
116
52
100
124
36
116
92
44
130
148
108
104
104
44
109
20
176
85
53
45
109
37
53
141
85
61
36
37
29
69
104
44
52
20
48
44
84
76
28
44
12
76
140
48
180
20
100
105
120
180
149
220
220
172
186
116
196
126
58
140
91
133
108
68
108
124
100
148
180
116
101
85
85
101
141
312
188
133
133
101
117
165
61
101
155
84
164
180
108
180
244
203
132
156
116
116
164
84
156
148
212
394
212
155
164
167
116
172
188
76
172
180
124
148
124
92
180
172
156
92
132
140
172
172
36
51
172
69
149
85
85
69
133
37
117
85
341
181
214
164
204
114
180
148
161
148
92
194
108
172
124
68
132
171
84
212
116
156
188
196
251
220
204
196
180
196
180
164
132
148
148
164
271
174
180
132
116
124
92
180
196
188
188
245
189
141
251
180
165
333
293
357
5
181
340
388
212
284
164
268
196
180
220
212
180
116
124
172
156
84
172
172
132
188
140
132
236
196
196
226
116
164
140
212
156
252
218
180
164
172
292
134
172
244
268
172
196
189
101
157
205
141
269
141
133
36
99
212
480
165
196
228
212
83
124
116
172
164
324
221
244
228
212
164
212
204
268
460
252
196
236
244
186
188
212
252
211
164
260
244
228
236
204
236
268
212
164
220
252
165
229
221
261
277
253
212
213
133
181
141
100
141
212
108
140
156
132
172
204
172
188
164
132
180
172
140
268
220
220
228
179
196
188
228
236
244
284
196
163
68
228
202
228
284
244
164
260
292
308
204
180
196
196
253
349
269
205
203
213
285
293
200
173
259
373
301
182
210
192
64
236
220
217
156
196
212
204
116
236
204
218
244
276
324
187
204
220
156
164
178
116
82
140
244
148
4
188
336
130
156
251
132
140
202
261
300
333
218
213
181
141
173
93
243
213
189
117
189
67
251
212
220
188
116
28
276
313
299
116
180
164
252
220
148
204
364
204
100
541
220
4
36
568
196
220
134
308
228
220
18
180
220
236
236
252
243
244
196
277
237
173
333
301
301
221
117
141
229
221
293
237
116
156
124
218
124
172
188
212
196
172
164
180
140
194
276
244
172
155
180
148
195
252
228
204
180
316
148
196
180
178
172
188
172
116
188
260
68
196
268
260
92
197
220
165
293
77
221
141
189
237
133
221
181
173
156
204
212
235
168
204
148
220
172
140
172
196
212
203
204
180
132
44
186
124
108
188
164
116
188
116
203
172
92
132
148
164
132
76
124
76
92
100
99
212
148
140
116
156
116
237
181
189
149
236
277
197
181
253
133
213
292
211
268
179
188
124
69
132
140
92
132
148
156
148
196
148
172
204
156
116
98
132
140
116
123
108
140
110
139
124
100
116
116
76
76
132
60
156
76
180
164
156
132
260
180
181
117
149
101
165
164
173
165
141
205
165
100
203
196
300
204
170
180
172
212
180
268
212
252
220
196
244
44
252
356
60
188
209
148
220
180
100
122
212
228
218
188
156
124
123
220
316
306
196
284
204
180
316
204
173
116
157
173
181
141
133
149
164
205
197
205
117
196
172
148
124
196
147
116
148
132
156
164
124
60
204
172
132
164
108
164
148
163
156
116
116
92
84
84
162
115
116
180
196
140
132
100
165
124
156
148
156
172
180
204
181
101
165
117
141
101
137
136
133
109
125
109
101
93
116
76
75
92
37
92
60
116
68
100
100
60
60
122
44
36
132
132
100
93
68
92
68
100
84
44
76
58
36
84
100
84
52
68
4
60
42
108
44
108
60
44
68
12
93
117
77
69
45
29
29
69
78
85
93
109
93
69
109
69
84
92
132
92
66
84
116
83
60
36
68
20
172
110
82
91
74
4
203
110
132
116
76
132
115
108
108
52
12
52
34
60
59
132
28
83
138
20
60
84
92
108
172
326
196
156
148
65
100
84
139
108
76
116
20
76
164
140
84
108
44
92
12
116
20
140
140
45
109
101
93
101
85
75
69
101
13
13
76
69
232
204
68
260
172
156
547
204
228
180
196
140
172
140
104
76
196
196
268
178
188
204
204
188
215
116
116
60
188
148
156
156
172
148
180
236
148
212
164
132
156
124
154
99
20
197
181
93
173
165
101
173
189
157
109
117
124
148
116
107
124
164
92
100
100
130
180
140
124
60
140
68
156
76
92
116
180
52
108
172
156
20
148
100
138
156
204
200
188
156
124
180
108
60
68
76
92
108
141
125
117
21
133
117
69
93
569
245
115
109
83
60
180
196
140
60
138
83
76
84
108
60
104
164
132
244
123
108
52
76
92
76
124
170
172
180
124
156
139
180
124
132
77
147
132
126
212
92
140
36
180
116
172
76
44
61
36
29
117
77
123
68
109
99
93
77
45
140
52
116
12
236
84
92
182
132
108
99
116
92
148
196
28
244
116
148
84
52
124
60
4
36
83
44
84
68
156
132
60
76
200
92
140
132
92
148
100
140
140
116
92
77
213
13
101
125
133
165
117
197
186
85
173
101
125
139
84
148
164
20
76
123
107
108
53
59
100
52
76
168
172
188
212
268
70
3452
1963
220
180
100
188
308
252
132
228
156
84
300
156
180
172
172
228
179
132
170
188
180
204
148
204
124
196
124
156
116
44
68
116
68
108
36
140
124
83
76
116
99
117
78
99
77
109
101
99
69
138
151
28
125
100
124
140
100
68
130
76
92
92
28
60
44
124
36
12
20
171
68
43
192
180
180
118
107
204
52
92
164
92
212
156
108
116
196
188
92
124
44
12
188
28
188
203
181
157
139
165
84
117
205
181
145
181
128
213
141
268
180
299
173
267
204
236
100
294
180
188
252
140
156
203
156
188
196
196
163
156
156
124
76
172
164
132
212
130
113
204
132
164
268
156
171
180
188
188
186
180
196
188
213
189
141
165
172
125
173
109
212
189
117
165
188
148
124
148
124
172
162
130
100
91
132
186
116
148
92
148
60
100
132
68
108
148
108
76
122
68
156
28
156
84
172
122
140
140
220
124
158
84
92
92
100
4
205
196
133
201
197
229
261
277
277
60
189
189
148
157
141
164
172
203
236
196
140
44
124
108
148
122
180
114
75
180
98
148
148
140
172
148
156
188
171
164
146
188
60
164
132
140
220
207
124
148
260
180
124
188
10
188
180
84
60
172
149
173
109
149
124
181
123
117
133
189
117
148
196
164
150
220
236
212
164
132
243
76
163
172
36
148
188
260
138
196
140
124
172
108
196
124
140
84
132
182
132
132
100
116
52
116
108
140
52
122
108
100
92
66
92
140
45
53
115
117
101
133
173
109
147
29
109
116
29
132
50
36
60
84
90
188
164
100
44
140
35
28
92
364
228
116
60
36
54
138
130
76
52
108
132
116
76
108
60
124
100
92
92
52
100
108
116
140
28
100
132
76
46
100
61
85
77
69
53
37
133
37
69
157
61
53
37
140
132
412
268
220
188
156
100
148
124
68
116
156
36
116
44
74
76
196
164
114
108
84
76
100
148
124
148
190
196
210
188
196
188
132
140
156
124
100
124
68
148
140
37
157
68
101
62
93
117
125
85
99
44
77
101
69
69
149
124
124
91
92
116
156
36
147
130
180
234
44
116
148
100
68
123
49
130
99
220
92
100
68
116
108
124
180
140
188
68
180
170
140
156
165
163
140
188
144
108
349
181
189
133
173
141
165
125
141
149
125
93
133
180
172
196
111
105
156
124
108
108
100
100
140
60
148
164
204
28
60
108
164
156
124
196
211
116
160
376
212
204
148
174
188
124
218
221
195
124
172
200
156
196
204
180
108
165
165
193
229
188
205
204
173
189
213
197
172
148
180
212
204
164
164
212
164
234
203
172
300
172
268
228
188
170
188
148
131
140
116
116
154
198
204
156
116
220
180
100
143
116
140
140
164
108
204
124
139
132
29
92
124
69
69
109
141
93
117
157
101
147
93
85
21
212
92
116
132
204
100
156
180
204
186
196
150
148
172
156
68
220
250
188
148
220
194
132
156
268
92
140
204
180
124
132
180
108
252
44
188
92
228
124
172
73
151
84
173
21
180
165
109
141
157
133
163
60
101
117
61
109
76
68
100
100
100
124
92
124
44
76
28
140
68
116
44
68
68
76
132
156
44
115
92
100
76
186
84
212
348
180
108
319
132
156
316
484
459
268
220
60
108
132
60
116
101
53
297
197
187
157
261
339
245
118
226
180
132
172
84
148
155
156
172
165
132
100
100
196
140
84
132
108
92
156
164
132
140
164
164
132
148
115
124
100
84
100
108
108
212
140
28
108
124
83
141
75
172
148
92
109
125
197
215
157
447
253
325
317
253
188
212
173
164
180
60
236
148
172
156
66
92
220
194
164
204
124
283
204
268
260
356
244
268
260
180
164
12
164
228
116
172
156
172
211
252
196
172
148
132
268
180
189
180
173
125
140
181
112
173
165
125
141
133
123
156
132
158
82
148
140
308
164
196
148
180
124
180
116
196
164
156
188
196
196
252
180
188
420
195
364
284
388
204
148
180
156
172
212
156
156
148
132
144
156
427
260
51
133
181
125
141
109
189
165
165
165
165
206
166
220
173
227
188
148
164
164
188
114
131
156
164
180
124
116
108
234
211
443
204
228
228
140
244
244
188
220
108
116
94
164
132
108
162
176
129
99
164
124
116
140
140
114
164
228
101
189
21
205
165
165
173
101
141
181
141
162
116
132
100
76
124
132
116
99
28
132
172
156
188
132
124
149
115
156
132
148
123
132
180
164
156
164
356
172
252
156
228
268
268
180
204
210
188
236
340
172
228
132
140
229
165
181
150
187
141
140
157
117
155
187
333
316
292
212
180
228
348
204
236
228
244
204
99
188
188
276
196
172
148
228
220
227
164
148
212
196
204
178
132
250
98
172
156
244
268
226
196
180
220
180
204
732
396
378
249
333
229
189
172
252
237
132
165
188
204
316
164
236
212
172
252
260
236
196
136
200
196
236
108
198
236
204
211
228
236
244
220
196
212
204
232
244
204
195
268
229
148
156
196
284
260
164
211
197
189
205
229
195
165
221
213
357
245
349
213
220
213
220
236
178
292
251
188
220
228
260
148
204
236
172
235
228
308
260
252
236
228
236
220
204
204
282
284
292
388
356
300
203
300
316
191
217
209
220
284
204
252
292
229
205
229
203
236
197
157
259
205
211
251
244
292
244
164
292
203
204
332
196
236
324
316
212
276
155
228
244
284
292
380
332
260
276
252
276
276
300
252
252
220
212
236
252
236
228
252
228
236
195
260
219
261
233
181
181
221
205
171
252
173
165
173
204
148
196
156
188
188
234
236
252
212
212
172
204
132
148
133
123
76
116
92
60
92
164
180
164
116
108
108
86
81
76
76
67
76
68
68
148
84
180
116
124
124
180
140
148
141
117
117
109
125
165
69
125
93
20
141
125
37
140
140
148
108
92
107
100
116
84
76
76
84
100
52
116
84
52
92
106
52
76
52
124
68
68
52
108
148
68
156
156
92
212
84
98
132
92
116
100
76
76
101
75
220
139
220
164
179
141
149
117
140
93
101
117
60
93
139
125
101
108
124
100
124
124
76
140
52
84
116
20
116
108
76
228
101
131
84
58
92
4
236
156
116
164
123
186
76
100
372
364
212
132
244
316
140
180
212
156
140
107
172
124
229
213
245
253
141
125
69
133
69
93
141
189
220
205
260
164
194
172
196
187
163
162
178
116
92
108
115
180
92
132
194
172
140
188
404
204
188
188
219
220
164
204
196
188
228
300
252
195
180
154
180
131
172
196
221
124
189
229
349
237
229
317
251
187
165
181
197
252
260
268
284
260
308
300
236
332
388
226
364
378
244
380
180
314
252
268
308
324
260
356
188
420
324
4
268
324
388
276
340
284
652
340
355
380
412
524
413
365
317
341
357
477
309
397
589
533
253
340
332
300
388
300
396
244
340
348
244
252
396
444
412
220
276
196
188
236
124
116
84
186
196
180
204
172
236
228
236
196
172
236
252
276
228
244
292
252
197
229
229
187
221
205
133
181
229
212
212
205
189
156
228
340
268
292
356
276
300
364
305
428
332
292
282
300
212
244
196
252
268
196
268
204
212
228
204
228
164
244
244
324
66
276
252
276
340
340
292
412
362
309
317
405
413
261
253
229
269
237
277
429
292
316
332
211
228
372
204
380
292
332
356
372
428
364
300
420
348
460
444
372
500
396
308
340
221
284
292
444
300
772
387
277
268
276
329
293
252
421
244
325
285
285
293
285
365
428
349
309
292
172
164
164
114
188
138
124
123
146
123
147
68
132
140
164
156
148
172
140
155
156
140
188
186
148
204
108
148
108
228
124
146
83
148
114
132
84
123
204
132
196
148
116
77
85
149
101
133
77
185
165
141
165
199
205
200
180
188
100
148
116
132
186
92
132
132
140
108
115
132
172
76
124
140
108
116
28
139
100
196
236
92
52
132
92
228
280
236
244
468
412
779
380
212
300
436
272
421
261
389
259
205
181
197
157
157
181
269
229
236
188
268
220
234
228
324
228
228
148
210
236
140
212
170
188
172
188
212
204
220
196
148
204
164
228
180
196
164
172
197
236
212
196
180
356
236
236
196
268
300
284
157
381
291
253
237
221
258
261
199
213
261
204
236
212
268
236
268
268
188
236
236
244
243
228
204
244
212
243
203
252
228
220
220
268
228
276
196
156
220
188
252
228
196
276
258
236
324
266
212
284
300
293
301
259
237
245
333
253
341
229
381
301
412
228
266
236
170
180
188
156
172
132
164
147
164
180
140
196
140
124
204
204
116
188
156
212
180
196
204
148
244
178
276
188
268
212
228
196
228
260
261
436
332
293
285
276
316
269
389
317
317
357
317
261
476
285
484
364
348
356
338
300
356
244
316
436
388
428
372
332
348
308
316
266
300
412
492
412
444
506
324
323
340
276
284
244
180
171
172
196
196
252
212
260
237
180
237
277
269
245
253
221
221
292
165
205
212
220
260
180
164
148
220
164
196
188
252
228
188
144
188
203
188
236
196
132
250
252
260
220
228
370
244
284
284
244
316
203
260
276
292
372
316
848
732
1084
303
253
213
229
261
333
261
251
229
389
292
347
268
300
236
195
236
236
148
212
180
180
139
156
148
124
180
124
60
60
316
252
316
268
228
371
214
156
236
276
276
284
268
356
268
107
251
236
292
238
277
261
237
261
173
229
173
157
173
212
261
205
197
179
196
268
356
212
156
308
260
196
468
275
251
220
260
180
212
196
196
220
217
157
164
252
178
146
156
188
148
220
186
164
212
196
132
156
228
140
172
124
164
156
149
125
85
157
156
165
181
240
189
213
165
164
197
112
173
180
123
148
148
148
172
196
228
188
141
188
212
163
164
140
155
140
179
132
124
204
172
122
52
140
260
188
140
172
172
212
140
188
52
220
164
204
156
139
132
172
172
133
173
117
205
125
85
165
204
141
117
101
149
157
154
76
156
116
60
140
156
92
116
100
82
108
140
92
75
116
84
84
60
77
60
116
92
123
52
84
148
52
20
148
140
44
180
91
336
196
172
204
172
148
116
180
204
140
141
109
37
213
181
77
117
165
125
173
109
20
61
68
196
204
180
177
114
132
100
123
20
84
108
164
92
116
84
76
68
100
20
52
124
28
148
132
172
123
140
164
145
107
164
156
148
164
131
99
132
76
84
124
132
76
100
132
170
125
147
117
173
67
165
109
93
133
61
124
117
164
84
114
133
75
156
156
156
164
84
156
220
91
164
204
188
148
164
188
172
156
152
156
292
196
212
132
188
172
148
156
204
148
132
164
147
116
58
85
83
107
100
293
147
109
52
125
21
205
221
149
140
181
101
77
107
53
108
45
116
36
100
132
200
244
204
164
146
108
108
146
124
108
92
84
116
140
124
148
100
122
116
92
108
92
100
84
114
100
116
95
103
124
115
108
84
164
68
123
100
60
75
93
141
85
117
116
93
141
77
149
181
77
84
124
76
84
140
84
68
116
76
92
36
148
100
36
108
28
107
92
68
51
83
140
75
105
100
84
82
84
84
76
92
36
11
124
76
83
100
52
52
52
44
84